1000 1500
852 601 685 947 446 141 772 607 582 853 297 973 224 290 739 621 537 941 229 267 404 668 587 481 668 851 508 515 476 44 166 328 998 851 276 444 344 48 403 926 253 52 252 477 343 991 99 880 285 328 499 41 348 438 523 369 290 383 884 766 779 50 446 129 253 722 925 949 123 328 227 376 381 479 854 76 823 305 308 460 985 160 501 334 598 376 703 240 759 939 358 891 341 805 20 594 879 946 895 2 626 122 731 7 602 937 435 425 242 744 885 579 256 738 265 854 115 320 95 874 259 453 117 600 610 138 546 490 436 441 844 62 564 575 422 518 864 857 295 458 953 532 38 209 270 303 64 385 624 511 612 235 316 729 836 927 219 2 417 655 176 261 718 92 189 492 962 53 349 257 864 303 789 902 864 59 557 280 797 181 791 409 769 108 490 605 387 710 339 804 365 867 417 435 311 958 927 273 364 629 882 228 284 671 482 148 83 39 429 880 573 572 641 342 32 131 947 419 841 638 575 559 858 345 346 169 655 626 795 19 607 677 599 891 349 81 391 784 121 172 16 694 97 9 36 129 140 335 901 334 325 476 245 183 173 943 705 829 569 500 200 176 177 800 419 878 233 811 662 354 335 30 400 432 39 788 562 180 475 463 866 801 291 111 336 465 54 41 646 976 541 846 504 719 998 924 949 232 87 612 938 422 642 691 855 34 479 769 214 307 584 432 460 227 895 796 44 301 190 690 277 731 889 134 802 887 58 752 471 497 716 410 919 710 101 126 744 932 247 310 239 831 742 699 411 637 848 455 291 38 498 568 121 387 702 924 626 112 28 98 609 96 860 881 806 313 359 903 245 607 213 837 790 308 536 201 945 384 657 236 774 155 157 896 894 211 172 520 676 200 970 637 648 182 518 454 495 230 709 93 837 923 930 627 231 818 181 528 555 190 117 329 345 626 225 591 189 397 463 865 949 434 503 597 968 373 404 464 603 113 557 792 388 487 772 619 305 953 500 212 143 617 542 840 595 767 431 784 517 246 650 466 32 505 416 1 230 820 465 186 285 374 978 674 213 750 645 870 703 145 83 198 114 625 390 709 392 173 494 261 420 496 728 452 353 496 453 583 316 270 769 601 644 100 627 857 850 273 728 906 770 811 104 885 436 847 946 180 20 792 442 440 288 522 245 641 18 698 577 686 969 698 639 965 798 619 823 649 892 903 907 662 714 363 899 502 210 846 682 231 638 476 23 279 350 268 272 720 319 849 758 640 900 750 605 698 369 780 699 261 683 606 275 749 970 175 251 180 373 286 763 11 114 139 642 817 407 915 537 78 116 648 70 16 398 676 715 767 808 414 28 844 373 655 593 343 182 845 875 555 483 991 919 597 130 561 414 889 476 304 968 593 952 38 961 350 66 676 117 227 443 497 71 816 152 664 511 335 861 386 242 344 729 161 942 859 723 708 101 551 12 69 496 964 459 458 314 878 486 783 105 281 280 528 97 785 192 960 120 406 699 362 750 428 876 44 640 951 105 741 502 117 162 351 434 621 161 748 851 647 884 308 281 164 836 378 949 381 691 421 787 390 136 889 170 12 286 810 963 391 551 817 860 713 168 294 687 329 395 538 329 279 199 610 443 35 340 745 416 31 166 555 773 302 797 944 314 83 754 277 826 658 95 686 371 615 981 410 297 376 301 626 7 500 588 450 535 280 195 304 664 714 211 437 16 8 381 683 443 488 312 621 146 759 308 869 375 641 632 672 369 933 650 376 433 590 178 320 870 374 976 534 440 188 972 808 548 705 491 992 545 804 613 43 563 273 265 290 914 897 314 635 830 964 11 615 906 190 935 777 916 912 311 356 452 635 516 0 693 8 344 238 812 310 282 727 583 547 370 850 796 684 837 626 1 849 241 907 391 528 36 659 792 348 367 244 335 883 597 28 891 941 619 55 603 901 135 539 800 505 741 596 541 578 574 542 779 167 802 170 695 838 181 840 538 548 84 874 432 33 254 675 327 873 83 930 126 218 469 278 75 210 226 616 789 800 511 920 967 313 443 15 151 624 855 42 173 291 268 957 677 522 632 4 396 67 934 874 285 404 153 360 966 379 329 107 532 840 28 499 153 471 866 656 447 73 698 620 717 318 929 394 841 914 750 589 981 684 463 267 440 968 979 759 700 308 866 232 148 246 83 653 69 950 310 517 375 360 489 92 31 419 838 872 685 588 461 666 625 276 285 65 597 617 824 297 925 43 529 426 289 612 79 711 914 741 228 290 454 717 
0 0 0 0 0 0 0 0 0 0 0 0 0 0 0 0 0 0 0 0 0 0 0 0 0 0 0 0 0 0 0 0 0 0 0 0 0 0 0 0 0 0 0 0 0 0 0 0 0 0 0 0 0 0 0 0 0 0 0 0 0 0 0 0 0 0 0 0 0 0 0 0 0 0 0 0 0 0 0 0 0 0 0 0 0 0 0 0 0 0 0 0 0 0 0 0 0 0 0 0 0 0 0 0 0 0 0 0 0 0 1 0 0 0 0 0 0 0 0 0 0 0 0 0 0 0 0 0 0 0 0 0 0 0 0 0 0 0 0 0 0 0 0 0 0 0 0 0 0 0 0 0 0 0 0 0 0 0 0 0 0 0 0 0 0 0 0 0 0 0 0 0 0 0 0 0 0 0 0 0 0 0 0 0 0 0 0 0 0 0 0 0 0 0 0 0 0 0 0 0 0 0 0 0 0 1 0 0 0 0 0 0 0 0 0 0 0 0 0 0 0 0 0 0 0 0 0 0 0 0 0 0 0 0 0 0 0 0 0 0 0 0 0 0 0 0 0 0 0 0 0 0 0 0 0 0 0 0 0 0 0 0 0 0 0 0 0 0 0 0 0 0 0 0 0 0 0 0 0 0 0 0 0 0 0 0 0 0 1 0 0 0 0 0 0 0 0 0 0 0 0 0 1 0 0 0 0 0 0 0 0 0 0 0 0 0 1 0 0 0 0 0 0 0 0 0 0 0 0 0 0 0 0 0 0 0 0 0 0 0 0 0 0 0 0 0 0 0 0 0 0 0 0 0 0 0 0 0 0 0 0 0 0 0 0 0 0 0 0 0 0 0 0 0 0 0 0 0 0 0 0 0 0 0 0 0 0 0 0 0 0 0 0 0 0 0 0 0 0 0 0 0 0 0 0 0 0 0 0 0 0 0 0 0 0 0 0 0 0 0 0 0 0 0 0 0 0 0 0 0 1 0 0 0 0 0 0 0 0 0 0 0 0 0 0 0 0 0 0 0 0 0 0 0 1 0 0 0 0 0 0 0 0 0 0 0 0 0 0 0 0 0 0 0 0 0 0 0 0 1 0 0 0 0 0 0 0 0 0 0 0 0 0 0 0 0 0 0 0 0 0 0 0 0 0 0 0 0 0 0 0 0 0 0 0 0 0 0 0 0 0 0 0 0 0 0 0 0 0 1 0 0 0 0 0 0 0 0 0 0 0 0 0 0 0 0 0 0 0 0 0 0 0 0 0 0 0 1 0 0 0 0 0 0 0 0 0 0 0 0 0 0 0 0 0 0 0 0 0 0 0 0 0 0 0 0 0 0 0 0 0 0 0 0 0 0 0 0 0 0 0 0 0 0 0 0 0 0 0 0 0 0 0 0 0 0 0 0 0 0 0 0 0 0 0 0 0 0 0 0 0 0 0 0 0 0 0 1 0 0 0 0 0 0 0 0 0 0 0 0 0 0 0 0 0 0 0 0 0 0 0 0 0 0 0 0 0 0 0 0 0 0 0 1 0 0 0 0 0 0 0 0 0 0 0 0 0 0 0 0 0 0 0 0 0 0 0 0 0 0 0 0 0 0 0 0 0 0 0 0 0 0 0 0 0 0 0 0 0 0 0 0 0 0 0 0 0 0 0 0 0 0 0 0 0 0 0 0 0 0 0 0 0 0 0 0 0 0 0 0 0 0 0 0 0 0 0 0 0 0 0 0 0 0 0 0 0 0 0 0 0 0 0 0 0 0 0 0 0 0 0 0 0 0 0 0 0 0 0 0 0 0 0 0 0 0 0 0 0 0 0 0 0 0 0 0 0 0 0 0 0 1 0 0 0 0 0 0 0 0 0 0 0 0 0 0 0 0 0 0 0 0 0 0 0 0 0 0 0 0 0 0 0 0 0 0 0 0 0 0 0 0 0 0 0 0 0 0 0 0 0 0 0 0 0 0 0 0 0 0 0 0 0 0 0 0 0 0 0 0 0 0 0 0 0 0 0 0 0 0 0 0 0 0 0 0 0 0 0 0 0 0 0 0 0 0 0 0 0 0 0 0 0 0 0 0 0 0 0 0 0 0 0 0 0 0 0 0 0 0 0 0 0 0 0 0 0 0 0 0 0 0 0 0 0 0 0 0 0 0 0 0 0 0 0 0 0 0 0 0 0 0 0 0 0 0 0 0 0 0 0 0 0 0 0 0 0 0 0 0 0 0 0 0 0 0 0 0 0 0 0 0 0 0 0 0 0 0 0 0 
0 157 12
0 773 87
0 986 67
1 69 7
1 223 21
1 986 51
3 637 45
3 961 90
4 160 76
4 267 5
4 539 45
4 798 16
5 176 87
5 414 54
5 454 47
5 609 68
5 710 38
5 856 7
5 937 79
5 999 35
6 44 24
6 222 48
7 33 10
7 37 57
7 168 56
7 741 30
7 905 84
8 180 64
8 550 21
8 894 98
8 953 81
9 384 52
9 743 82
10 115 12
10 824 87
10 987 81
11 441 31
11 458 43
11 965 40
12 320 19
12 672 11
12 765 51
13 295 8
13 458 13
13 546 14
13 776 33
13 932 65
14 122 50
14 506 66
14 578 27
15 194 5
15 202 80
15 235 92
15 391 67
15 508 53
15 776 27
16 88 24
16 98 39
16 365 28
16 906 13
17 231 33
17 851 8
17 897 20
18 163 97
19 87 68
19 212 37
19 299 71
19 394 78
20 111 50
20 269 38
21 47 30
21 418 42
21 704 21
22 431 76
23 72 44
23 217 30
23 309 50
23 397 28
23 407 68
23 569 63
24 852 17
24 908 96
25 94 74
25 360 52
25 796 45
26 264 94
26 290 94
26 375 2
26 543 54
26 768 19
26 940 45
27 159 99
27 356 5
27 559 77
27 626 76
28 191 20
28 222 18
28 380 46
29 148 73
29 380 44
29 439 92
29 541 90
29 694 62
29 836 15
29 989 41
30 503 23
31 357 5
32 60 69
32 807 78
32 943 95
34 65 95
35 518 15
35 620 72
36 793 41
37 533 28
38 50 48
38 64 94
38 798 25
38 868 18
39 172 35
39 223 34
39 230 86
39 399 75
39 587 39
40 48 71
40 785 47
41 105 7
41 365 26
42 174 32
43 114 65
45 136 79
45 509 8
46 714 15
48 121 58
48 414 47
49 97 29
49 125 27
49 435 70
49 481 91
49 588 53
50 543 68
50 556 77
50 777 17
50 872 71
50 974 29
51 347 22
51 836 49
52 268 57
52 584 18
53 617 77
53 980 32
54 135 38
54 633 52
55 480 83
56 103 15
56 335 19
57 497 80
57 872 78
58 96 77
58 473 97
58 731 79
58 847 97
59 599 84
59 819 42
60 429 69
61 178 12
61 512 91
61 688 21
61 908 15
62 99 81
62 264 90
63 324 70
63 731 75
63 816 2
63 863 42
63 963 77
64 139 55
64 142 20
64 712 19
64 723 1
64 900 89
65 321 66
65 696 83
65 986 75
66 238 82
66 349 37
66 358 27
66 961 97
67 251 61
67 506 40
67 613 96
67 727 12
68 493 40
70 98 84
70 352 57
70 378 16
70 805 68
70 853 24
70 947 56
71 210 31
71 523 35
71 783 72
72 308 53
72 854 66
73 866 14
74 489 51
74 678 68
74 724 95
75 298 23
75 415 56
75 448 28
75 486 35
75 516 50
75 865 3
76 103 47
76 335 41
76 925 29
77 951 40
77 974 11
78 170 1
78 828 54
79 123 14
79 797 62
79 873 59
79 875 37
80 473 49
80 500 36
80 566 12
80 758 33
80 791 16
80 918 59
81 92 15
81 349 90
81 860 16
82 273 75
82 443 54
83 93 60
83 178 14
83 349 51
83 861 26
84 858 34
84 933 2
84 993 24
85 840 19
86 600 50
86 693 69
87 219 2
88 157 84
88 211 67
88 599 9
88 824 59
89 161 80
89 327 26
89 782 12
90 311 28
90 331 20
90 565 25
90 773 34
91 351 14
91 383 12
91 507 46
92 94 92
92 586 90
92 817 51
92 980 46
93 212 4
93 320 9
94 185 91
94 186 75
94 400 79
94 449 33
94 642 61
94 763 22
95 281 4
95 314 70
95 380 45
95 572 74
95 980 17
96 474 91
96 507 44
96 621 54
96 894 12
97 136 50
97 734 59
98 354 9
98 814 57
99 611 5
99 835 80
100 464 48
100 494 88
100 589 65
100 983 18
101 474 65
101 974 7
102 274 49
102 639 64
103 303 34
103 585 59
103 604 61
104 149 59
104 929 33
105 423 88
105 601 33
105 681 41
106 360 71
106 543 20
106 798 71
106 902 36
107 540 13
107 713 43
107 889 28
107 926 31
108 181 2
108 506 95
109 300 16
109 776 4
110 539 75
110 612 88
110 839 89
111 215 47
111 729 86
112 390 99
112 405 1
112 616 98
112 842 23
113 419 2
113 834 58
113 892 95
114 140 87
114 232 80
114 847 9
114 870 56
115 436 17
115 597 41
116 412 80
120 504 61
120 760 6
120 815 3
121 379 36
121 719 24
121 760 56
121 967 69
122 201 79
122 221 18
122 522 1
122 625 14
122 977 56
124 489 39
124 691 71
124 944 92
125 459 48
125 728 92
127 517 95
127 838 51
127 982 34
128 496 4
128 692 34
128 843 49
128 875 74
129 216 58
129 566 87
129 683 37
131 335 26
131 365 37
132 139 72
132 569 68
132 619 83
132 651 95
132 742 47
133 246 2
134 337 81
135 721 33
136 846 9
136 998 65
137 314 79
137 377 18
138 536 23
138 659 3
139 274 25
139 488 62
139 707 84
140 878 56
141 231 2
141 303 41
141 443 37
141 684 55
141 718 1
141 857 71
141 953 33
142 839 10
143 611 29
143 674 45
144 410 24
144 445 23
144 596 43
144 629 25
144 885 78
144 895 77
145 716 5
145 781 11
145 917 76
146 186 12
146 320 82
146 507 18
146 711 11
146 880 98
147 825 19
147 856 67
148 695 14
148 735 15
148 860 31
150 243 26
151 781 72
152 170 45
152 210 40
152 382 44
152 744 45
153 473 28
153 799 24
153 813 59
153 867 40
154 734 85
155 425 70
156 385 93
156 951 84
157 241 45
157 735 11
157 754 96
158 711 89
158 857 53
159 481 64
160 270 21
160 631 10
160 925 10
161 921 85
162 213 28
162 238 74
162 329 23
162 709 17
162 786 18
163 523 95
163 572 38
163 901 4
163 933 80
164 247 42
164 888 74
165 174 13
165 317 32
165 689 24
166 952 2
167 927 35
167 984 18
168 338 1
169 577 9
169 772 92
170 197 71
170 264 30
170 440 94
170 448 36
170 865 5
171 644 45
171 651 66
171 738 90
172 479 74
172 622 42
172 886 89
172 907 36
173 287 17
173 817 87
173 906 41
173 962 11
174 267 58
174 504 42
175 291 76
175 685 70
175 968 53
176 727 57
176 832 47
177 185 38
177 763 82
177 906 84
177 916 4
178 706 11
178 713 63
178 845 60
179 777 62
179 810 79
179 920 80
180 300 5
180 625 67
180 664 38
180 687 70
180 912 94
180 989 28
181 387 6
182 371 2
182 382 5
182 663 25
183 958 86
184 363 32
184 666 90
185 274 8
185 556 7
186 515 22
187 293 75
188 421 30
188 507 87
188 527 21
188 596 2
188 719 66
189 209 50
189 659 51
189 926 4
189 966 26
190 453 11
191 957 43
192 404 66
192 868 15
192 932 39
193 990 4
194 509 86
194 817 53
195 378 87
195 450 78
195 658 66
196 886 5
196 972 44
197 464 82
197 922 39
198 989 96
199 450 25
199 559 44
199 651 48
200 592 34
200 882 80
201 357 89
201 639 97
201 831 4
202 336 26
202 390 21
202 391 91
202 725 51
202 895 8
202 965 67
204 470 82
204 510 73
204 524 60
204 875 4
205 601 58
206 707 43
207 341 17
207 459 65
208 467 65
209 417 86
210 563 62
210 622 34
211 216 18
211 843 80
211 944 13
212 642 19
213 395 64
213 768 96
213 826 86
213 850 29
214 501 42
214 505 12
214 518 99
214 735 4
214 789 71
216 247 67
216 291 64
216 457 15
217 221 45
217 253 55
217 712 36
217 890 93
218 548 30
218 836 22
219 527 6
219 671 41
219 809 3
220 591 37
220 765 55
220 891 93
222 685 19
222 746 29
222 862 20
222 946 13
223 809 1
223 937 12
224 926 61
225 282 52
225 288 88
225 510 40
226 666 90
226 848 82
228 315 37
228 565 96
228 607 16
228 636 97
229 515 75
229 736 86
230 298 40
231 574 99
231 974 71
232 890 17
232 926 61
232 977 38
233 475 92
233 552 72
233 568 60
234 361 79
234 447 53
234 588 62
235 862 36
235 986 82
236 344 23
237 825 42
237 840 71
238 254 27
239 343 4
239 365 62
240 535 70
240 542 96
241 811 18
242 456 69
242 855 68
242 916 99
243 650 35
244 549 48
245 404 96
245 676 58
246 383 96
246 498 7
247 881 66
248 361 81
248 473 15
249 443 89
249 793 54
249 878 71
249 939 61
249 988 78
250 464 31
250 820 83
251 880 71
252 296 56
252 444 18
252 585 51
252 744 8
252 772 82
252 905 27
253 615 98
253 897 83
253 909 71
254 696 92
255 503 15
255 633 77
255 805 14
255 972 19
256 534 34
256 560 35
257 703 36
258 538 72
258 653 37
259 444 93
259 737 74
259 856 55
259 984 81
260 283 37
260 413 94
260 619 60
260 801 44
260 935 44
261 269 33
261 482 61
261 580 39
262 489 89
262 491 4
262 903 14
263 591 88
263 598 94
263 803 4
263 923 50
264 305 58
264 780 5
265 361 84
265 907 69
266 375 29
266 456 64
266 621 89
267 608 40
267 976 52
268 608 76
269 304 50
269 318 68
269 503 87
270 346 17
271 407 97
271 593 38
271 599 75
272 487 92
272 531 60
272 536 51
273 491 2
273 716 95
275 310 30
275 719 91
276 307 37
276 510 49
276 760 51
276 964 76
277 660 48
278 641 7
278 719 44
279 373 83
279 990 76
280 494 42
280 570 99
280 777 41
280 948 69
281 902 28
283 474 44
283 833 50
283 859 60
284 701 1
285 523 1
286 383 15
286 718 19
286 758 59
287 609 33
287 744 94
288 601 31
288 944 38
288 999 80
289 877 9
289 933 3
289 974 57
290 723 53
290 804 16
290 848 20
290 957 6
291 718 77
291 900 38
291 918 6
292 859 75
293 402 52
293 827 4
294 367 83
294 682 29
295 995 56
296 923 58
297 467 1
297 838 91
299 929 81
300 519 88
300 595 71
301 339 1
301 517 57
301 688 51
302 670 66
302 815 60
303 437 25
303 573 38
303 851 94
304 765 66
304 817 97
305 402 11
305 511 64
305 625 45
307 365 82
307 550 48
307 662 33
308 707 9
309 715 16
309 921 68
310 479 68
310 554 21
310 572 55
311 445 73
311 513 92
311 599 89
311 728 73
312 858 37
313 783 84
315 676 74
315 744 54
315 842 48
316 784 22
316 938 15
317 913 88
318 327 59
318 360 81
318 363 95
320 700 26
321 729 69
321 743 33
321 899 65
323 895 52
325 636 30
325 661 35
326 509 19
326 727 78
327 608 42
328 448 22
328 824 63
328 845 45
329 595 55
329 604 4
329 748 92
330 433 52
330 523 36
330 562 53
330 585 32
330 593 21
330 893 27
331 516 40
331 579 77
331 773 73
331 931 17
331 973 64
332 529 84
332 602 25
332 932 98
333 538 33
334 568 7
336 352 25
336 593 35
336 737 26
337 379 51
337 576 65
337 601 30
338 582 12
338 870 53
338 872 24
339 392 88
339 850 56
340 603 61
340 962 47
340 986 26
341 841 59
341 857 66
342 546 44
342 680 26
343 477 16
343 556 15
343 653 18
344 503 82
344 617 73
344 939 30
345 439 3
345 530 65
345 582 4
345 586 52
345 903 92
346 750 23
346 857 77
347 513 5
347 727 18
347 815 92
347 864 74
348 454 59
348 845 76
348 958 77
349 371 12
349 619 14
350 992 85
351 412 10
351 824 50
352 772 99
352 956 57
353 354 40
353 474 3
353 518 86
353 709 68
354 714 14
355 384 19
355 979 13
356 760 75
357 418 9
358 901 87
359 580 60
359 638 20
360 749 1
361 512 11
361 536 68
361 674 85
362 672 12
365 367 79
365 508 88
365 760 11
367 420 35
367 474 42
368 371 62
368 868 11
369 684 98
370 632 15
370 684 35
370 981 33
371 454 62
371 961 13
372 393 99
372 767 20
374 632 29
376 418 73
376 494 66
376 497 83
376 498 74
377 647 82
377 797 90
377 811 65
378 975 7
379 675 88
379 811 28
379 917 95
381 579 49
382 469 90
383 712 88
384 471 61
385 509 47
385 577 11
385 638 91
387 572 90
387 594 46
387 665 87
387 759 91
388 821 78
389 563 4
389 776 56
389 954 17
390 447 81
390 449 99
390 477 30
390 579 79
390 798 42
390 809 70
390 847 13
391 587 53
391 690 19
391 752 40
391 779 65
391 822 21
392 501 98
392 720 74
392 721 2
394 851 40
395 441 74
395 457 76
396 881 52
398 485 48
398 665 64
398 830 11
399 799 95
399 817 98
399 995 29
400 732 91
400 790 97
400 805 64
400 832 33
401 456 32
401 989 70
402 587 22
402 607 87
403 432 39
403 879 50
404 600 11
404 961 67
405 617 51
405 719 67
406 475 52
407 580 54
407 807 1
407 912 16
408 411 5
408 492 62
408 774 99
408 956 12
409 426 25
409 586 53
410 836 68
412 881 57
413 681 59
413 795 35
413 844 17
413 992 52
414 484 27
414 580 92
415 518 53
415 638 58
415 845 13
416 461 16
416 871 56
417 660 56
417 939 85
418 604 22
418 823 60
421 779 82
421 847 38
422 474 93
422 813 55
422 925 59
424 698 40
426 588 52
426 638 82
427 504 59
427 834 87
427 910 14
429 478 71
429 618 98
430 499 7
430 502 55
430 892 18
432 855 23
433 556 42
433 558 47
435 587 12
435 817 24
436 637 78
436 861 8
436 995 14
438 476 31
438 946 88
439 746 22
440 713 64
441 632 75
442 452 34
442 573 17
442 699 23
442 870 83
442 993 9
443 804 83
444 539 68
444 698 43
445 914 86
446 520 22
446 606 69
446 618 26
446 951 50
447 660 33
447 687 87
447 757 42
448 518 55
448 878 73
449 552 44
449 877 56
449 941 8
450 546 70
452 674 91
452 942 25
453 499 84
453 604 83
453 841 3
454 663 87
454 826 44
454 940 2
455 681 10
456 492 73
456 774 29
456 995 61
457 614 57
457 706 81
457 963 33
458 580 79
458 732 84
459 671 52
460 546 33
461 885 79
464 725 54
465 505 48
465 613 80
466 546 82
466 731 18
466 790 56
466 981 3
467 598 40
467 658 68
467 696 92
468 675 86
469 649 64
469 718 41
470 707 68
472 546 59
472 597 89
474 653 77
474 797 42
475 511 31
476 596 7
476 786 76
477 582 48
477 667 72
478 885 41
478 909 86
479 972 13
480 498 62
481 589 2
482 961 39
484 596 30
485 792 69
485 944 18
486 489 11
486 649 97
488 825 63
488 888 61
489 628 98
491 891 70
491 923 98
492 632 76
492 901 51
492 932 8
493 522 7
493 777 81
494 540 80
494 597 56
495 551 69
498 541 58
498 995 26
500 614 17
501 680 84
501 912 18
502 562 96
502 788 46
502 813 78
502 990 82
503 652 72
504 674 25
504 843 93
505 803 61
506 544 93
506 976 40
507 805 97
507 835 35
508 833 9
509 664 5
509 877 16
509 914 78
510 804 80
511 642 27
511 926 37
512 656 19
518 635 35
518 855 65
518 911 39
519 861 59
519 869 7
519 968 52
520 591 40
521 663 5
522 576 53
522 772 48
523 553 78
523 741 59
525 582 23
526 640 77
526 712 69
526 832 66
526 921 72
526 987 6
527 563 98
527 932 18
528 690 27
528 981 22
529 768 27
529 985 29
530 608 58
531 567 14
532 624 43
533 854 22
533 914 89
533 953 98
534 577 65
534 989 41
535 664 20
535 857 89
537 605 37
537 860 96
538 594 18
538 658 97
538 903 51
539 654 56
540 713 78
541 789 15
541 931 45
541 947 10
541 966 61
543 734 40
544 699 27
545 832 60
546 838 94
547 558 75
547 729 21
547 824 28
547 910 47
549 561 28
549 639 14
550 825 44
551 768 25
552 629 99
552 763 27
555 933 95
556 721 13
557 837 64
558 611 56
562 823 11
562 961 33
562 966 96
563 591 76
564 589 85
564 793 86
565 734 74
565 807 82
567 796 87
568 578 43
569 754 52
569 814 53
569 847 67
570 960 30
571 968 33
572 896 64
575 831 21
575 999 94
577 771 11
577 780 93
577 879 57
577 970 17
578 587 13
578 719 68
581 687 74
581 871 46
583 706 34
583 774 47
583 926 49
584 618 67
584 707 89
584 762 81
584 767 11
585 624 36
586 974 78
587 614 17
587 765 59
587 947 31
588 695 53
588 761 39
588 938 69
592 683 2
592 685 62
592 914 55
594 757 86
594 924 66
596 771 73
597 868 58
600 694 4
601 903 68
602 966 5
603 658 7
603 861 97
604 801 17
605 677 41
605 930 25
606 750 84
607 760 26
607 985 38
608 842 9
608 934 14
610 795 45
613 876 98
613 961 29
614 766 24
615 880 48
617 622 93
617 635 18
617 902 15
618 992 27
619 625 6
620 752 53
620 776 31
620 939 45
621 960 47
622 770 47
622 843 55
623 799 33
623 952 94
623 996 3
624 718 57
624 797 84
625 870 66
625 927 18
627 802 89
630 704 77
631 771 7
633 731 22
634 763 57
634 938 68
635 826 6
637 678 34
637 814 22
639 923 89
642 756 71
643 928 82
644 649 72
644 727 84
644 772 44
644 925 46
644 948 48
645 896 22
646 758 55
646 792 8
646 973 26
647 768 12
648 678 71
649 673 89
651 740 59
652 694 69
652 701 20
652 732 67
653 951 62
655 777 71
655 787 56
655 932 70
658 802 72
658 840 60
658 990 40
659 775 25
659 834 30
662 807 3
664 922 97
666 813 71
667 777 56
670 682 79
672 681 67
672 699 56
674 696 76
674 754 17
674 795 93
675 906 77
680 980 85
682 920 9
683 777 85
683 797 24
684 702 73
685 833 32
685 867 64
685 880 7
687 693 63
688 801 25
688 960 64
690 787 66
691 736 52
691 784 18
691 983 12
692 845 23
694 795 78
695 798 68
696 804 50
697 720 54
697 963 6
698 757 84
700 983 60
701 824 29
704 743 84
705 928 39
706 965 65
707 725 47
708 786 35
712 968 47
713 806 96
714 816 36
714 925 22
715 918 97
717 803 49
718 794 61
719 799 52
720 982 87
721 731 71
721 942 47
722 947 30
723 793 5
723 894 18
723 974 97
726 926 44
728 973 73
730 813 28
734 765 52
734 928 23
735 907 82
735 966 13
737 856 8
740 879 67
746 994 8
747 818 89
748 931 16
749 760 91
749 820 38
750 912 45
752 897 18
752 907 55
752 977 24
754 838 36
755 757 82
757 884 62
757 912 5
758 873 58
759 919 24
760 879 48
761 911 37
763 892 64
763 998 29
764 776 47
764 981 36
766 993 97
766 994 81
767 847 55
767 931 32
770 822 97
770 878 21
770 995 9
772 948 41
773 994 43
775 930 84
776 820 77
776 897 19
776 946 26
778 908 82
778 999 22
784 977 41
785 917 81
786 989 30
790 950 4
791 974 11
792 914 21
793 967 55
793 989 65
794 818 37
796 805 18
798 848 26
799 865 27
801 866 78
804 947 70
804 997 2
807 843 28
811 953 76
814 815 15
824 828 23
825 879 10
825 971 65
830 888 41
831 917 65
832 932 73
833 892 31
838 933 19
843 976 38
846 996 10
848 980 75
850 982 83
851 944 8
852 877 7
852 913 10
854 913 21
854 966 38
855 983 74
863 889 11
866 890 39
867 906 74
868 999 18
871 947 21
873 938 24
874 985 50
874 992 69
876 970 49
888 894 56
890 946 76
890 961 21
892 967 12
902 940 66
906 957 5
909 914 55
909 947 42
915 937 49
919 928 31
927 972 37
928 996 83
929 949 78
937 961 67
938 949 2
941 964 45
943 947 98
963 986 97
969 984 46
